
Số ID (num)  FTC

    198 9756.024266
    260 1177.794928
  2189 0,02090434
  9037 64.19633957
10879 8.986810924
11842 331.099956
12614 3.181640238
14030 235.7169415
14503 1.109803922
15877 736.784706
16248 4.638701662
16327 191.7998378
16400 34.25281384
16526 0.073848536
16751 556.3243012
16819 31.99297089
16843 401.0427998
17447 72.30313293
17703 0.002449588
18327 5.577274694
18485 4.223660578 
18936 7.141941992
19156 27.68234975
19181 0.06243661
19275 92.87709146
19548 101.9245488
19692 10.52330128
19993 1.259086932
20438 505.6460243
20485 419.3383371
20517 0,084221294
20571 6.610038814
20604 228.0994670
20618 767.1973016
20790 8.577689584
20845 3.513746802
20846 231.6702398
20869 438.0640027
20886 144.0253692
20941 5.952231244 
20968 5.302208350
21020 11.38409415 
21195 0.012176700
21205 0.442693394
21212 464.9377086
21277 59.32247029
21287 20.16184840
21304 9.064060732
